-26947
-21565
-21992
-21760
0
-21783
-22235
0
-7843
3304
0
-21851
2595
1101
322
101
-565
3206
3396
-28792
-1305
-528
-17546
3444
-301
0
8961
32542
346
4188
15102
3297
-44013
3629
1158
-683
7834
201
143
233
-21043
-20993
49692
-53292
-33544
263226
49958
-242893
-99465
-7596
8259
-4304
-157231
-121183
-20405
4191
-233111
22933
-53056
-24731
-35067
47254
164263
-554162
79486
-134003
81695
-57761
105328
1122675
-15756
-91084
29108
365
-72927
65243
-55376
-237286
247291
92175
-51041
-144152
-26633
157259
105293
-174482
66619
206629
60280
135108
-129407
-19105
-33964
-83436
613586
-18860
-71797
-11394
-652
-20965
-77248
-245344
26212
-372674
152931
-4968
201557
-993
25868
148792
66741
-48257
-109869
19223
185506
53723
-41883
69514
-25015
20762
132693
125006
-22225
-65777
841441
-96115
-32999
-107384
169860
24223
-285109
11618
-37803
-19408
1382
-44096
132001
-30857
73729
169823
-54778
-53107
-609302
63417
45725
-502567
-35708
93701
-37885
-216247
-6046
-48929
81875
53810
-101151
34622
-233695
-40729
148523
-1090447
-29958
35747
14177
219920
37421
-27491
81285
52027
1969
-18655
177175
-67557
26243
5964
-163254
-1071
46975
293368
-38633
-1016756
-20749
-77085
113834
35200
-53001
137795
-115746
8264
-145944
45032
-111700
32611
134915
-71364
172015
-31944
832791
12043
-6162
-61459
-96780
-40781
33043
108442
83703
174527
-70698
45770
-1019
240480
-117036
-2816
-60768
90031
-102312
-43336
-626
171346
-18079
32779
81914
2200
-16960
370909
-23726
27653
77802
-34117
18171
8051
55278
-166952
69180
100021
4469
470964
-42593
-43614
115473
32792
94044
42746
262085
-52668
-203858
-90167
-124063
104391
-1449710
240741
26509
66008
732811
3030
-26934
63667
-4204
-68791
20450
-70909
7711
128790
-20145
-5553
187430
-82738
-291913
147547
246133
-40893
-104846
-138492
82051
87720
254672
-83936
-11501
86335
-30041
49007
8914
22334
7384
-6320
82923
421567
9052
85802
-4586
-155104
-99102
5273
-4307
-23010
-24279
27012
41103
-9934
186012
-92245
-68305
20106
-74113
953559
80761
19912
52566
217299
133946
-35161
146334
-35890
2345
-201742
61738
-30401
-1154351
-93080
-5272
-37263
-24719
-68198
-38643
90513
-35311
44029
24445
-12563
-83450
-224177
82949
138500
-214594
-65533
154786
44143
5370
-27700
-35870
307443
170410
61868
-432240
-39636
-661201
1833
-64428
88802
-192578
-21114
-10214
-264023
-137171
-107781
-992226
51078
-76586
-108188
-436871
22197
-5904
64114
-8764
20233
-99168
30053
-19132
36216
-45682
21502
-33784
-189550
25344
86687
-156692
10165
79105
-46517
1623
-93762
-125486
-48020
-1170859
-280321
21599
-10765
-40022
75952
98602
-21825
22033
-26332
400
-222495
-12271
-64962
-21144
152307
42048
-44596
98689
21900
59491
-130211
-29025
314
-82400
-228292
-13337
781730
75056
-81995
86977
-37671
-5994
-273184
88117
192300
30227
-127511
46933
-162893
102701
-64293
-160868
-109574
-22527
5483
-296410
54401
191862
201760
-39254
-8970
517511
-55872
-76426
-16402
173464
-44498
-1033800
-66237
-139700
205399
-159887
-31311
-83483
78021
128194
-410717
53148
40526
205916
-114326
12993
33448
-37810
19382
-25045
-24565
7828
-88753
17652
-39012
23628
5244
-159341
11386
-39548
-35363
-12110
-53347
6189
-235263
-409189
-121029
33212
51324
-313929
-185135
156705
24840
-62953
66000
-149692
-240700
-55219
-3029
1077
-88096
-255859
70702
247076
88276
103925
-90485
100609
41633
6370
-163530
-48871
287756
-283
193842
-806978
-5146
-42592
86253
-63359
-57104
-74377
131825
-50955
-140955
-34646
-105404
-54727
92312
-263200
121083
-21541
18048
-24762
4222
-5717
23411
-90960
12370
48859
168762
30924
31733
-41002
1094786
53671
-450
-63923
-55024
-22913
-9037
12620
19026
41320
-6854
-116722
65092
3422
-93185
-15728
-98625
-762095
141685
-63146
7325
5313
-10937
-459
-513411
116668
-11315
-91052
26880
-219597
182350
53268
64119
-10940
72635
22453
-7986
6307
-58623
-162670
-49040
-109240
16309
13866
265963
7528
-40781
-52050
-1177180
-57298
56762
5676
-99528
-46537
-25323
-66614
-38140
369709
-23664
449616
11793
188065
-131156
-995695
37912
12762
-779503
-169522
89479
-228411
167185
-1686
-165533
-147234
-102553
49481
8196
-277421
-10566
-168468
139821
92646
32422
-230150
172606
105268
7971
-1075177
104227
-7150
68819
-94795
52730
-74517
286214
36541
-40619
-57825
-43331
61808
116798
-1598
-238471
103560
-444950
430922
74062
1211
-81686
-210924
-280885
80551
36712
5912
-122377
-195267
25485
-9118
148493
54681
36349
74404
13600
-51749
-62537
-250914
-52916
-137563
-32853
1188158
415687
-206338
6857
20184
-195077
-8323
-4970
-8410
-215432
18872
312220
75977
-7741
-58811
-161543
-7741
53278
-100729
-9848
-38934
99201
-428555
-255
85843
75240
-143213
120632
-98128
24991
92752
115998
450665
-36363
30613
-52313
-5301
619390
28316
31578
-103727
47128
9183
86591
-78404
-80289
35410
25122
-22700
-157200
-246886
-103768
43326
-3472
27328
-73695
316391
71347
18474
-13444
173450
-41310
-34056
5991
184314
22280
-117841
-88517
148661
-126287
151893
-2904
-39381
172376
78201
-23490
-240127
253809
-8910
4776
-25674
102556
-69918
-54885
59171
82122
33106
26226
-962600
4240925
89877
129514
-2051
125297
7204
5479
-53570
982475
96680
39585
-86269
12436
-1492
5846
-115333
279911
-101669
124808
-58632
-169809
-140055
-87316
-58896
55916
-67975
-160928
25520
-80523
-783227
-33211
-18637
49167
-43135
61919
238154
96704
54378
8033
-27245
413801
-4451
-61195
59694
70961
-36739
-35267
20371
-19748
45697
8732
-25341
116746
11087
21384
-92669
-22335
167404
-2758
-55447
-123088
61973
-69415
-26259
196707
40890
69548
-79741
27335
-107824
738
62183
208007
118643
-54241
-14261
91687
32439
239313
-193937
-16618
44573
78170
-262838
-121115
-43619
215936
28224
13523
-37979
-6391
95696
-294795
82062
-37159
-121796
341010
-247540
21107
-38062
294316
-20058
-646586
117920
9690
26405
-14300
270374
50799
-425811
4520
67098
263579
40347
-159309
78627
-28865
115565
68591
1796
91345
-787542
-15476
154093
33419
-184697
809010
-223806
-79378
13705
42498
-1085837
-6481
-44829
125709
167682
24716
14345
174716
-319515
275399
-162295
11512
-99190
151578
-45275
29409
-207693
109965
22384
-105161
6726
222518
12503
-104440
-84900
104121
-48859
69024
126971
-70560
-21423
89320
-68208
64189
-135932
77106
21069
-47864
3535
-178105
40902
-67901
-16790
4531
-15873
419657
17626
-245540
-158477
-25604
-28984
-42800
-393148
-7430
-55658
-11589
61285
-77825
-58161
121890
-1546
-104231
-12207
-275909
551
-104194
68442
-41656
16059
82120
52525
104626
444707
7144
63886
-348950
18618
30784
-27368
114994
-5064
-11645
-38433
49314
216904
9599
-3677
62171
-16615
-57852
42243
-595261
-60683
-9066
-221196
225763
-119323
62895
-39909
-979674
811628
83260
10761
22845
55209
39105
-242919
203317
-60593
106234
-42618
9608
-32493
-178047
129360
91480
-223513
167421
