173
7405
7405
7405
12
7405
7405
2801
36938
18647
21489
7405
2415
18784
161
19407
10127
18805
17783
3213
24371
161
9439
19050
3008
302
18101
15711
29203
18067
4096
18357
26941
29382
10843
9159
10684
2964
756
852
3008
10380
15488
3008
11252
32950
22450
18738
8931
18026
3008
1742
19066
13193
17242
15342
877
16957
19689
19636
3066
161
47031
14165
3830
9401
24900
2429
17952
41444
2774
11930
10410
3008
19856
35110
3997
3008
62433
10795
18391
3701
2639
25596
33741
3008
18295
32996
24722
23278
20234
15256
737
3008
5638
284
9510
852
21483
25692
2128
624
9439
58094
10088
13750
35480
2828
2186
9794
23732
19111
6391
3008
6279
26293
35610
12928
3218
10492
29452
19460
1715
3562
37316
594
3008
224
24832
16244
17973
3218
2143
26923
3008
294
20988
11381
19002
9707
40209
12
11813
23372
4060
7298
3008
13859
10945
16726
3008
3008
29849
21907
13666
18156
16663
3008
33001
1966
12889
20342
18058
31231
18845
18298
3830
24260
2549
2
35347
2013
25652
2317
3951
3008
16210
6461
33801
4240
8275
161
11594
12782
16867
24630
14837
6475
2720
8993
188
9850
16635
36284
35393
12
242555
852
21489
33409
250
12
161
18356
10649
21176
244
3830
2383
32352
3008
16918
295
20458
12
6395
19178
33720
19759
161
15240
13922
2225
43915
19
6610
10399
769
161
594
17096
9812
3830
22524
11916
54902
6968
167
25452
2704
18595
29418
33720
2169
29203
22947
13475
18247
16386
35718
9998
18644
36625
18842
18362
17678
9621
30715
17911
15111
13104
29758
16418
4240
32835
13502
14090
25323
31712
183
4167
9439
17561
161
33720
3008
7576
17703
856
18080
3830
25644
3008
2153
12011
95010
12680
19252
2828
20824
6391
2177
758
624
17863
3830
15358
624
23825
3008
10029
3008
11821
31712
22850
19174
8051
33001
10847
12
24535
16918
10380
2803
18327
3008
183
17142
4240
3210
19018
12
996
18053
20415
16098
2036
11869
8527
16918
19459
21495
2720
2
12089
19124
17943
155
9812
3830
30052
18049
1061
5278
28743
17372
11728
19868
4240
4240
6197
2
2
7415
4161
17988
18862
163
183
3830
852
15366
27636
9503
14976
9726
9439
13304
3008
18284
24013
32327
19610
161
3008
1294
22255
3618
4053
2365
3055
822
28674
18181
2192
52838
2
35690
19348
7604
47798
761
6005
21974
18664
9827
7405
33740
2803
11705
3830
2139
18587
29984
3830
3008
6391
1945
13718
24884
17085
287
21281
16663
2289
9235
3830
10083
19149
18962
22223
238
18675
9439
12
852
751
2138
865
20195
34741
10985
10721
12
26689
9985
4985
16918
35155
0
22649
3008
7415
6257
3830
17418
7274
15252
161
2282
2714
16346
44695
1996
852
19080
70758
12316
4240
852
2019
18109
11606
3008
161
8065
17749
17107
852
2105
15821
15723
2017
745
9812
16918
15206
19762
290
17760
25769
2870
1039
3830
2518
4240
17989
19416
161
17610
9920
19033
32743
9939
41498
161
11160
24371
23163
18996
18261
53508
19078
12030
16918
594
34468
19646
3008
285
12334
20752
45704
7568
624
15907
18820
18849
12
47198
16918
4240
18294
145
4912
26126
5756
753
19307
11013
31231
2745
1742
40173
22805
13515
7405
7405
7405
12
7405
4240
10541
7405
2801
36934
18647
0
21489
7405
2415
10953
198
18784
161
19407
0
10137
18805
10541
1583
17783
23665
18825
5775
51933
3179
24371
161
9694
9439
3008
19050
3008
302
2441
18101
15583
15739
272
77935
26851
166
29203
18067
0
19330
296
16332
4096
26230
15315
14108
18357
26941
6760
29382
10871
10843
496
1090
31100
9159
10684
2964
756
852
3008
28556
9920
2120
15488
3008
23376
43898
11252
0
32950
35280
149
22450
18738
8776
34921
16434
18026
3008
90420
9281
1742
19066
13193
24981
20046
17191
6823
7189
15342
23835
18600
877
426
16957
146
19689
19636
149
3066
161
47031
14165
11412
3830
9401
12133
6332
206
24900
2431
43220
17952
12354
41444
237564
2774
20047
11930
10410
3008
19856
35110
3997
3008
62433
30486
10795
10541
18391
3701
17987
16878
2639
18780
25596
33741
3008
18295
32996
24722
23278
426
26399
20234
21140
24040
15250
27782
737
3008
5638
10840
29203
284
9490
852
21483
25750
9314
26782
2132
478
10507
624
0
149
1693
8738
9375
58036
10320
10799
478
10915
426
12773
13750
35480
52
2828
2186
9680
1110
55305
5019
18398
23732
18988
6391
3008
6279
10979
26293
426
6585
504
35677
16093
3830
16479
12928
3179
4123
3830
35346
10492
29452
19460
1715
3562
37316
38981
10185
594
4969
3008
28809
6737
324582
224
24832
16210
17973
8056
3179
478
38195
2143
560
26923
3008
294
466
20988
11381
1117
19002
9709
40209
161
6877
5204
23830
12
10871
11629
47942
2
495
2120
23372
4060
7298
3008
13903
10945
16726
3008
3008
29849
21907
13666
4301
18156
16663
3008
33001
17706
16398
18648
16433
3624
1968
12889
65716
20342
1677
2711
7189
18058
31231
18845
18298
3830
24260
2549
236
2
35355
8646
2013
7515
27730
25710
2317
32915
3951
3008
23915
33779
16210
161
6461
33801
4240
13059
8275
161
11586
12784
16867
24630
14836
10688
17076
6352
2720
8993
188
12466
35300
9767
16635
38227
22600
35393
10541
12
242555
852
11476
21489
33409
9111
26712
12
21880
10141
161
18356
10649
2
35632
227
19058
426
21176
244
12772
10541
3830
6817
2381
6760
32339
3008
16918
295
20458
79049
43976
51705
12
6258
19178
5790
33720
210
19759
161
14661
15240
22347
13922
17171
2223
7097
8505
43915
3008
10541
6962
126
19
6610
10399
769
19355
2939
17496
10541
28696
17827
161
594
478
210
426
6142
17096
9812
3830
22524
11916
43605
54897
22347
16121
162
9723
6968
167
25510
0
2704
18595
29376
33720
2167
29203
22947
133
13475
18247
6469
1692
9188
16386
35697
9998
0
18644
35341
36625
9449
18842
18362
17678
9621
0
30715
10541
17911
15111
10541
7013
13104
29758
16418
4240
32835
