0
21570
21570
21570
7
21570
21570
4458
95804
115013
37387
21570
20383
41797
43640
63136
38211
116668
103911
16693
93637
66504
26165
115833
20810
591
114461
57004
78157
105445
46327
105051
215075
217256
56801
44983
172793
24329
19368
13641
20668
28801
68617
19692
71578
294271
69544
113271
12808
103985
19646
154
42448
103
0
106575
20042
103386
99799
115810
25562
66504
184443
111522
97745
40807
95103
26861
105356
1148370
4458
41841
49794
18687
72669
150531
46137
19287
343765
92182
114865
12097
4458
195091
123309
20084
105775
263144
81311
155503
133959
72125
19225
19893
666933
377
176783
13641
88189
115466
25567
9837
26219
475460
166339
32419
285212
4458
25875
193275
172497
123664
19984
19756
307614
81819
186269
91047
16141
39105
241363
125013
23806
46716
1117849
8263
19612
513
169860
51231
103820
16682
26971
136398
20426
387
141046
90323
104565
281482
96711
7
173131
137490
46184
49055
17977
203711
39105
60161
20793
20379
186429
97757
0
105954
53611
19226
252347
24866
81408
139669
106414
259076
41879
103510
123606
78170
15873
1678
285798
25762
115475
26131
12371
18748
81731
313566
122
19506
78779
44500
167067
283780
135424
137802
46491
49420
4458
98841
477
52006
135333
125
193936
7
848166
13641
37387
99498
4395
7
44500
108859
177596
195943
533
137116
27766
240840
21431
41156
388
110498
7
21433
114355
280874
107350
51498
106345
81675
26654
420182
3357
63582
162163
19230
44500
8261
121560
28099
124140
154839
52525
471491
73746
459
115480
53129
113299
68416
280873
26490
72734
104885
43299
104398
65162
285799
57138
107164
1000642
114683
107191
94753
39105
246031
106330
96
32749
238589
113105
21380
241139
0
73843
160858
259561
418
31967
26165
103168
101128
280874
19659
44105
104042
14442
103783
109293
115479
20792
19845
173164
421567
34871
99021
4458
134328
19984
26002
13998
9837
111935
108079
90861
9837
186364
19712
30593
20113
51402
994715
99798
121964
57309
252347
199187
7
165770
41156
193504
53439
115383
19129
418
65164
21675
57679
42313
7
5068
111379
77078
65164
25036
16539
22050
41156
107368
139061
4458
1678
201584
121954
106627
447
28099
308028
251573
107988
7093
20346
124
103587
194660
117451
21049
21600
31128
15707
1678
21570
244135
104322
41894
1661
417
108612
13641
65164
91005
29183
360
143103
26165
62124
21350
105969
61410
0
112351
126806
18968
24034
79600
46741
28633
26530
27002
19628
42360
108723
26057
101293
1678
125746
117527
51159
127155
19608
19990
133668
105059
47311
21570
263888
53435
53158
98689
26358
121809
69468
92259
20695
19984
24861
67116
934585
76106
380
88027
53611
26176
210
111970
196758
56247
56112
53276
527
119662
26207
7
13644
19163
25492
19115
85321
271045
202810
182242
7
705698
28409
34705
41156
271479
0
194809
30641
21570
306912
96686
65163
14427
106622
142960
26571
53155
83240
368287
12753
13641
42417
178
175625
20941
13641
25824
106729
56808
17501
44659
25663
104025
102616
13641
25795
91219
0
25450
13317
28099
41156
115948
121389
383
103888
175933
53502
16145
110483
15838
21071
103622
117457
44391
105486
28409
113265
251534
192623
104402
66504
194062
93639
163884
114245
104351
477860
42431
193849
41156
8262
122
123640
20296
378
32456
131832
80384
50747
9837
352
115384
99146
7
126428
41156
19098
105091
4755
34982
66125
34571
19289
76956
197329
259076
53266
154
1113129
162340
0
21570
21570
21570
7
21570
19525
42370
21570
4458
95928
115013
58304
37387
21570
20383
214404
487
41797
43640
63136
0
38211
116668
42370
18958
103911
56811
209191
53519
168673
16125
93637
66504
65989
26070
20567
115833
20767
591
28548
114461
285785
57058
561
227655
61645
52454
76315
105445
0
66513
585
418
46327
464887
63305
489735
105051
215075
27416
217256
42370
56753
8156
3454
121649
44983
171643
24332
19368
13641
20665
91171
28229
38103
68617
19692
237836
137144
71578
0
294354
128950
50369
69544
113271
12817
69332
72879
103985
19597
332022
63803
154
42448
103
139979
132671
0
48909
129691
106672
457606
85651
20057
1050
103386
8138
99799
115810
50369
25562
66504
184443
111522
191811
97627
40807
178751
14077
495
95103
26861
137143
105356
70110
1188254
448409
4458
116086
41833
49794
18642
72669
150531
46137
19290
343765
119640
92188
42370
114865
12097
98009
0
4458
62438
195091
123067
20081
105775
263144
81311
155503
1050
83224
133959
116005
457606
72132
107769
19225
19896
665240
50331
72734
377
190955
13641
88189
115518
41254
138487
25569
8136
165353
9837
0
50419
38072
27452
26124
475632
178497
39624
8137
193079
1050
71307
32419
285212
23878
4458
25877
188458
0
171343
17237
91827
172497
123557
19984
19756
307614
44196
92771
1050
223989
8164
186343
81201
123714
58133
91047
16660
4312933
108207
160350
39105
241363
125013
23806
46755
1154968
150552
47609
8262
28274
19612
106030
0
324582
513
169860
51204
103820
44349
16119
8136
248533
26968
7292
136398
20426
387
8114
141046
90323
0
105481
281484
96711
97731
27497
15469
457606
7
42370
171403
127887
648
8154
38159
137490
46184
49428
17977
179781
39105
60160
20793
20379
186428
97757
0
67216
105954
53611
19226
252347
49860
73002
39598
73002
46233
24866
81408
221415
139669
38209
29790
129691
106414
259076
41879
103510
123763
78170
15873
525
1678
285743
138055
25762
32539
94204
115518
26131
141144
12371
18745
457606
189748
81731
76294
313566
122
19506
175369
78998
44664
172360
283782
135421
125811
45802
202265
289272
49298
4458
98841
477
160862
98853
52006
135336
125
156610
193936
42370
7
848166
13641
42370
37387
84905
58062
101438
7
134753
195916
44659
108859
174716
5067
275912
5379
62842
1050
195927
533
38359
42370
137228
25834
27764
27390
240840
21431
41156
388
110497
450
139542
162706
7
21309
114355
20633
280873
499
107350
51132
70616
106350
77076
81675
32372
26654
82702
0
420182
19224
42370
364
531
3357
63582
158474
19254
66513
0
80131
42370
88581
121897
44562
8262
8137
499
1050
184
121556
28099
123952
154839
52525
137152
471717
77076
63886
39979
38111
73498
459
115525
0
53129
113299
68375
280873
26494
72734
104885
27332
43299
104398
62547
660
62266
65163
285742
57138
166719
107164
135423
1001435
194626
114683
107191
94365
39105
0
246031
42370
106330
96
42370
229
32749
238589
113105
21358
241139
