2837
8229
23317
1441
3652
570
7469
157994
1009
1928
1886
130672
1166
122696
59170
329
1963
61171
643
641
114
136
1900
1903
1686
940
1480
549
1924
25
932
293
1669
2082
1973
805
480
1903
4293
1270
5800
1959
1032
1118
7766
1998
1062
1803
1866
2801
1050
9158
4846
1851
13058
27436
795
1216
1897
768
609
61501
3034
9924
12425
1225
4568
6979
37666
58985
166694
105341
11597
8214
287207
71213
59868
37297
61831
934
1982
126331
114413
93090
354999
124104
23740
809
51383
143959
66119
2053
677
76
4950
1827
36563
51105
3042
4601
8244
38846
236795
611530
132949
118269
7850
204408
4023
974
2751
104042
88822
7950
38774
291
12
5152
4869
905
339
505
1577
2569
393570
831482
4415
1565
2245
5800
38153
1949
1856
1142
428
5961
1343
13526
1694
13161
365
86069
2568
122609
107461
99627
6222
1537
1575
507
1082
54008
677
62104
19430
152022
24217
555
4654
19533
19533
58119
3184
726
83384
1506
90372
30268
93044
494
140398
645
1121
128
64080
115317
43706
159867
1892
3959
3959
156497
32898
224632
1530
1645
46756
1977
699
4105
483
307
3039
27460
607
22711
56245
11397
518523
26143
20682
79091
223308
450437
1336
81387
1805
88103
22434
8739
2437
110358
2122
1902
1045
1960
2775
29428
1034
3086
279750
826
3457
1986
4618
1555
628
138260
364083
7035
1955
47517
107862
107344
20785
7183
4867
5635
1719
1927
62407
101842
2424
115389
41564
292
105242
642
11796
8709
121119
755
91485
130534
2078
1127
8530
301
8780
11886
