-13550
-8710
-8710
-8463
0
-8388
-8546
0
299
312
0
-8613
3
-101
0
57
-820
253
369
-10046
-556
0
-5086
375
0
0
841
8511
2338
356
11
426
-2362
397
367
-620
240
0
0
0
0
-5370
704
0
-2945
-1525
-305
403
369
431
0
2
-101
-22039
12909
-522
0
393
-82
240
0
0
46870
-2812
39
0
492
72
-4710
1377
0
450
0
0
449
6407
0
0
-8557
-92
332
-216
0
-310
1213
0
373
847
19
139
-387
-3036
0
0
0
-1323
-124
0
-312
-4274
78
-5990
-5130
986
-68
260
1118
0
78
270
989
176
-8336
0
130
1493
198
-751
-9567
-115
248
276
130
-229
-646
-47
0
0
308
-121
478
-10546
75
380
0
-1331
-201
1180
1427
219
1250
0
-170
-273
1
-463
0
-105
-115
125
0
0
-20846
1279
-2755
333
-47
0
486
64
-1108
199
405
445
-101
328
39
-430
0
0
855
50
-4309
-80
-170
0
-3084
-448
-322
0
0
0
-320
-51
-66
5948
524
474
0
-294
0
0
-66
-879
369
0
0
0
0
-1636
-297
0
0
205
240
7647
0
39
71
799
0
0
-1374
-95
0
-10144
228
211
344
0
-263
13922
75
855
0
-72
37
0
0
-47
70
-1609
39
1313
-429
608
0
0
-4484
0
322
23
211
64
509
-179
93
412
-1339
962
-690
322
1898
366
409
1906
-115
793
275
74
126
2243
314
0
-180
-225
-487
83
-438
0
-86
-5021
282
0
211
0
-6
300
12
308
39
-4316
0
76
-39
31227
0
1763
0
234
-9128
80
0
-6099
1543
39
190
-5938
103
0
1702
0
-26
-799
-82
74
117
486
403
0
320
0
65
0
253
0
0
-1339
0
0
-101
0
-438
103
-707
-1339
66
117
30
0
427
-563
0
0
2
74
300
0
-1609
39
264
405
0
-8612
-318
476
244
326
0
0
-543
0
0
-8622
9
243
-101
-3925
0
39
-2156
-1339
-623
408
-79
82
-5336
-41
0
407
-148
-766
298
0
0
-38
86
-173
-7736
-80
0
0
0
258
54
39
0
2419
401
-463
-47
0
-177
219
2970
0
-8574
484
0
-150
39
52
74
23
39
0
-8749
62
-249
-4511
127
-1366
-293
-47
88
-86
35
-39
-23
-41
4014
0
330
-5124
0
-2156
0
66
0
895
-652
-110
354
0
471
-6188
117
0
696
-23513
-18001
0
-8591
130
39
-1339
-2333
-492
0
63
0
94
726
-235
0
-101
4807
100
0
0
48
221
372
0
0
-10576
448
369
0
50
145
313
54
0
-1609
0
-32
317
-1362
458
316
0
-206
39
0
0
439
303
0
339
-6156
1628
-1974
-8
229
0
-513
-556
-332
324
395
1276
-101
-155
0
-47
288
498
0
-1341
172
-201
-8
230
-5192
1357
389
-82
0
-47
0
0
377
26
-110
-422
38
0
-704
83
445
0
2
1868
404
-208
-8710
-8710
-8463
0
-8388
0
-82
-8546
0
299
312
-19687
0
-8613
3
172
0
-101
0
57
-3197
-463
253
-82
-5
369
88
459
13
13789
-10080
-556
0
-1098
-5086
0
375
0
0
-80
841
-59
8542
0
210
26851
0
2170
356
-3129
104
0
-20879
11
126
-432
-16465
426
-2362
-917
397
-82
367
-78
0
4
-619
240
0
0
0
0
-691
-5830
0
704
0
4366
8517
-2945
-15877
-1481
2237
0
-305
403
214
-2944
-227
431
0
-347
675
2
-101
-22039
448
223
12858
-593
96
-522
415
310
0
0
393
-406
-82
240
0
0
0
46870
-2812
48
39
0
53
117
0
492
76
8561
-4710
9
1377
31521
0
396
481
0
0
449
6407
0
0
-8557
-1
-92
-40
332
-216
-142
11266
0
29
-310
1090
0
373
847
19
139
0
12
-387
-2452
415
-3299
-1930
0
0
0
-2548
492
-1323
-982
0
-312
-4216
-60
263
80
-74
93
-5990
-4446
0
327
-6443
-5194
895
131
-115
-74
-8
0
-4182
260
1118
-1912
0
76
156
256
-5196
0
-39
989
53
-8336
0
130
581
1493
0
845
-78
265
-2901
39
251
-751
-9606
346
39
-510
-115
248
276
130
-229
-646
15724
373
-47
-57
0
4865
-949
0
0
308
-139
478
0
-10585
-74
-470
77
-308
380
0
-1331
-74
-201
1180
256
435
164
1250
0
-909
-229
415
0
-70
-320
44
0
-78
0
-273
1
-463
0
148
-115
125
0
0
-20846
1279
-2755
-155
333
-47
0
486
110
-227
1347
-227
-167
68
-1108
17786
199
-163
151
96
405
445
-101
328
39
-430
0
0
0
834
66
50
-24
-3201
-4251
-80
3454
-170
0
415
18959
-3084
0
-448
-322
0
1223
0
0
-328
-106
-183
5948
570
-582
573
376
0
-294
0
198
-113
0
-183
1064
289
369
-70
0
0
0
-70
0
-1636
199
1822
0
296
-434
0
205
240
0
1825
0
54
0
7647
0
-1701
-70
39
6624
67
-925
786
0
0
-1374
-95
181
9283
-5224
0
-10356
228
0
211
0
344
0
66
-452
-152
13922
17
73
48
-1047
867
0
-70
224
0
0
-72
37
0
129
17
669
-70
1482
2786
0
-47
-74
0
0
1298
84
-1609
39
248
-429
8193
594
-152
-313
0
-115
0
0
-4426
0
0
322
-19
211
66
472
-179
0
93
412
0
-3017
17
-1339
834
-690
0
1417
245
1898
-952
366
409
1906
-115
0
793
-70
275
74
-70
-4042
126
2243
314
0
-180
