13723
16115
16115
15868
12
15793
15951
2801
36639
18335
21489
16018
2412
18885
161
19350
10947
18552
17414
13259
24927
161
14525
18675
3008
302
17260
7200
26865
17711
4085
17931
29303
28985
10476
9779
10444
2964
756
852
3008
15750
14784
3008
14197
34475
22755
18335
8562
17595
3008
1740
19167
35232
4333
15864
877
16564
19771
19396
3066
161
161
16977
3791
9401
24408
2357
22662
40067
2774
11480
10410
3008
19407
28703
3997
3008
70990
10887
18059
3917
2639
25906
32528
3008
17922
32149
24703
23139
20621
18292
737
3008
5638
1607
9634
852
21795
29966
2050
6614
14569
57108
10156
13490
34362
2828
2108
9524
22743
18935
14727
3008
6149
24800
35412
13679
12785
10607
29204
19184
1585
3791
37962
641
3008
224
24524
16365
17495
13764
2068
26543
3008
1625
21189
10201
17575
9488
38959
12
11983
23645
4059
7761
3008
13964
11060
16601
3008
3008
50695
20628
16421
17823
16710
3008
32515
1902
13997
20143
17653
30786
18946
17970
3791
24690
2549
2
34492
1963
29961
2397
4121
3008
19294
6909
34123
4240
8275
161
11914
12833
16933
18682
14313
6001
2720
9287
188
9850
16701
37163
35024
12
242555
852
21489
35045
547
12
161
18151
10409
13529
244
3791
2312
31553
3008
16918
1669
20553
12
16539
18950
33509
19415
161
15503
0
2150
43060
19
6682
10362
769
161
641
17026
11421
3791
21211
12345
54294
6968
167
29936
2704
18273
29395
33509
2105
28694
23126
13382
17835
17725
34756
10688
18322
34727
18476
17953
15772
9736
29922
17636
15037
12978
27515
16104
4240
33015
13727
14577
25240
32150
183
4253
14460
17279
161
33509
3008
7582
17403
844
17772
3791
29960
3008
2077
12050
63783
12680
17489
2828
20590
15519
2097
758
6723
16320
3791
15168
6562
23722
3008
8327
3008
11847
32511
22932
19100
7934
32515
10444
12
24215
16918
10315
2803
18074
3008
183
18481
4240
3210
19119
12
1434
17950
21122
17437
1970
11752
8497
16918
19032
22058
2720
2
12087
19050
17643
155
11421
3791
29788
17644
1061
13890
29061
16896
11484
19542
4240
4240
6740
2
2
16037
4152
17745
18963
4088
183
3791
3008
16705
28259
9095
15055
9644
14775
13345
3008
17877
24161
33093
19312
161
3008
1332
22169
3791
11789
2445
3055
822
28674
17923
2138
52799
2
33271
18947
8067
47845
761
6182
21755
15694
9827
15979
33256
2803
11855
3791
2087
18513
29961
3791
3008
15140
1883
13967
29395
16958
1653
21574
16710
2201
9321
3795
10122
19172
19003
18209
238
18345
14563
12
3008
751
2072
865
19300
35393
11095
10367
12
26218
16173
4868
16918
34459
23513
40650
3008
16006
6127
3791
18757
9607
15744
161
2219
2714
16252
43969
2231
852
19181
65951
12216
4240
852
1971
17888
11234
3008
161
18641
17301
16738
852
2055
15676
15410
1963
745
11421
16918
15238
19445
1652
17302
25453
2870
1245
3791
2518
4240
17550
19113
161
17271
16076
17405
34717
9947
41269
161
11673
24927
23495
18672
17866
52232
19179
12185
16918
641
34180
19148
3008
1626
12162
20953
45712
7338
5816
14550
18431
18931
12
47245
16918
4240
17917
119
5022
26548
5718
753
20011
10930
30786
2745
1740
38305
22401
13723
16115
16115
15868
12
15793
4240
10623
15951
2801
36635
18335
19687
21489
16018
2412
10781
198
18885
161
19350
3197
10600
18552
10623
1588
17414
23577
18366
5762
38144
13259
24927
161
10792
14525
3008
18675
3008
302
2521
17260
15642
7197
272
77725
0
166
27033
17711
3129
19226
296
37211
4085
26104
15747
30573
17931
29303
7677
28985
10953
10476
574
1090
31096
9778
10444
2964
756
852
3008
29247
15750
2120
14784
3008
19010
35381
14197
15877
34431
33043
149
22755
18335
8562
37865
16661
17595
3008
90767
8606
1740
19167
35232
24533
19823
4333
7416
7093
15864
23420
18290
877
426
16564
552
19771
19396
149
3066
161
161
16977
11364
3791
9401
12080
6215
206
24408
2355
34659
22662
12345
40067
206043
2774
19651
11449
10410
3008
19407
28703
3997
3008
70990
30487
10887
10581
18059
3917
18129
5612
2639
18751
25906
32651
3008
17922
32149
24703
23139
426
26387
20621
23592
23625
18549
29712
737
3008
5638
13388
28711
1607
10472
852
21795
29966
9374
26519
2052
552
10414
6614
4446
149
1366
15181
14569
57141
10189
10914
552
10923
426
16955
13490
34362
1964
2828
2110
9524
854
60501
5019
18437
22743
18935
14727
3008
6149
10398
24800
426
5740
582
35412
18994
3791
16228
13679
12785
3777
3791
35856
10607
29204
19184
1585
3791
37962
23257
9812
641
5026
3008
23944
7686
324582
224
24524
16349
17495
8056
13764
552
38665
2066
868
26543
3008
1625
540
21189
10201
861
18567
9545
38959
161
7786
5433
23415
12
10941
11949
47898
2
573
2120
23645
4059
7761
3008
13755
11060
16601
3008
3008
50695
20628
16421
4456
17823
16710
3008
32515
17596
16625
17301
16660
3791
1900
13997
47930
20143
1840
2560
7093
17653
30786
18946
17970
3791
24690
2549
236
2
34521
8580
1963
7539
30931
29961
2397
29461
4121
3008
23500
14820
19294
161
6909
34123
4240
11836
8275
161
11914
12890
17050
18682
14266
11270
16503
5976
2720
9287
188
12268
35413
9767
16818
37163
22311
35024
10611
12
242555
852
11546
21489
35045
8912
24890
12
21584
10575
161
18151
10409
2
33807
227
19004
426
13529
244
14473
10611
3791
193
2314
7685
31553
3008
16918
1669
20553
78868
34693
56929
12
16614
18950
5790
33509
210
19415
161
14595
15692
22499
0
17154
2150
7049
9552
43048
3008
10611
6738
126
19
6682
10362
769
19226
2922
16827
10611
27214
15041
161
641
552
210
426
4844
17012
11421
3791
22276
12345
35412
54303
22499
16434
162
9838
6968
167
29936
0
2704
18273
29395
33509
2101
28731
23126
133
13382
17835
6469
4709
9171
17725
34863
10688
0
17227
35096
34727
10401
18476
17953
15772
9736
0
29922
10611
17636
15037
10611
11055
12978
27515
16104
4240
33015
