26947
43135
43562
43330
7
43353
43805
4458
103647
111709
37387
43421
17788
40696
43318
63035
38776
113462
100515
45485
94942
67032
43711
112389
21111
591
105500
24462
77811
101257
31225
101754
259088
213627
55643
45666
164959
24128
19225
13408
41711
49794
18925
72984
105122
31045
19586
356164
112273
111581
11387
4458
199679
121286
20405
102384
253153
80453
152855
140541
60629
19250
20180
665684
18259
174810
13408
84622
28
25695
20214
132925
20686
18322
145596
85288
101513
256573
96474
7
165906
156249
31091
37832
18016
194566
39156
56515
21031
20395
263366
91230
53189
103329
53347
19237
248580
25035
88841
136431
102815
255181
7
848134
13408
37387
83655
5451
7
44483
105756
171921
129853
533
122108
28096
228152
21533
41156
18343
108670
7
46031
112493
276408
104378
52611
107897
0
27008
388929
5064
64774
155806
19044
44483
9045
121180
30836
111659
151489
53114
782433
74073
459
551622
53685
110010
76990
276408
26839
69308
104554
43947
101151
71332
287306
59955
103824
1115313
111366
103922
92237
39156
4458
131001
42321
26143
13904
20333
108623
93319
89232
20167
175625
19819
34756
20198
38755
1036262
99528
121585
53233
248580
188425
7
162237
41156
150402
53809
112177
19395
418
71489
21921
31951
15375
1598
43549
160957
101175
40788
11457
417
93893
21416
71231
91346
28785
360
138467
43972
61156
20467
102319
64769
114981
109528
125429
18719
24431
79475
43614
49273
27083
35929
84361
53347
26329
210
66282
195051
54960
54818
48056
527
116339
44073
7
20337
19255
25670
18788
79158
276592
195052
167362
7
1514872
45058
30629
41156
267831
111653
134125
31086
43309
314822
85880
71005
25038
109799
133250
26933
53709
82738
365756
13311
13428
41311
136813
164657
21117
13408
26202
103595
55606
17707
44483
54776
100379
93145
13408
26165
90241
0
25819
13219
9044
289432
119086
20729
18305
32847
136214
81067
49758
19771
352
111957
98898
7
125515
41156
19037
102052
4743
35048
65241
35168
19436
77046
191159
255181
53645
49530
1154769
158244
26947
94942
67032
68205
43711
20866
112389
21135
591
29102
105500
265333
24419
561
219052
67211
46798
77811
101257
28147
63969
585
81163
46120
439333
59982
661325
101754
259088
28649
213627
42714
41342
279730
138849
129351
1236361
53244
118480
109849
437288
86415
19545
1050
99769
8950
99528
113050
45297
25908
67032
84467
95194
189550
87007
40119
175660
13869
495
93258
27010
120292
152488
67648
1213219
389044
4458
112058
41700
49794
18925
72984
105122
45940
19590
356163
117330
112273
42714
111581
11387
97754
0
4458
62318
199679
121284
20381
102384
253153
80453
152855
1050
82375
1050
91282
32170
273394
23853
4458
26020
183623
6343
163420
16961
90500
160875
123218
41690
20009
315525
30920
79183
1050
221496
8977
188187
84281
111131
57558
98015
44498
1228609
96878
161270
101513
256573
96474
97910
28601
14766
437288
7
42714
162371
127079
648
8969
37988
156243
45986
38206
17996
195482
39156
56513
21031
20419
263366
91230
53189
61158
103329
53347
19261
248580
437288
162185
82736
70065
314312
289023
19228
28662
79098
44483
165530
261771
158841
120486
43314
193582
284268
42563
4458
104347
477
156989
93453
52006
157514
277775
153222
190104
42714
7
848134
13408
42714
37387
83655
57482
106833
7
131339
191702
44483
105756
170111
6834
263207
5345
62697
1050
129853
533
40699
42714
125531
6919
28097
28567
228152
21533
41156
18343
108669
450
85493
76594
44483
9044
8950
499
1050
28424
121180
30836
111591
151489
53115
120195
782478
72719
63633
34472
38327
74073
459
551622
0
53685
110010
77031
276408
26841
251
104554
27065
21002
44051
73975
19763
79190
278503
69807
109831
12239
100595
19822
49530
41342
279705
1238825
109752
19553
99769
99528
113050
25908
67032
84467
95178
86969
40119
93258
27010
158572
1212951
4458
43991
787659
172976
32170
273394
4458
26018
184901
160875
123218
41690
20033
315524
79183
188160
98015
44498
39156
230150
121748
23682
42398
1144721
9044
19967
513
167674
51255
94114
45808
27262
40773
100273
43434
78171
15873
1598
287380
26131
551622
26684
11589
18846
82736
314310
289023
19248
79098
44457
147939
261771
158958
120640
43318
42946
4458
104347
477
52244
157640
277775
190059
242919
102963
96
32722
210796
109229
21649
244871
26965
77639
158941
261569
418
31545
43663
99929
101181
276408
19838
44731
100729
14306
101372
95890
551622
20336
19932
187904
224524
34871
99178
58233
41207
7
6941
108495
77156
71538
25197
45850
22015
41156
104104
143827
4458
1598
193922
121543
103077
447
30836
322553
256723
103768
7093
41544
124
99819
159241
107150
21150
21581
19629
42360
105363
26428
100898
1598
122299
114394
39797
126287
19450
20141
131208
121
45356
43474
259883
53805
53106
87995
26724
121433
78082
241228
22030
41592
25027
64821
979260
72008
18330
30836
41156
116066
117809
18327
100325
172493
53872
8024
94531
15838
21104
100184
115333
44671
102182
45052
109836
273629
184404
103435
67032
192617
94943
168220
110878
100949
783614
41325
159683
41156
43135
43562
43330
7
43353
19464
42714
43805
4458
103565
111709
56926
37387
43421
17788
157238
487
40696
43318
63035
28018
38776
113462
42714
19024
100515
55447
190304
43981
123026
45485
55640
8970
3454
119339
45667
154057
24128
19225
13408
21026
92450
44051
38004
73975
19763
235816
120128
79190
0
278711
121640
45297
69807
109831
12239
70518
100595
19822
320926
59082
49530
140541
116596
437288
60624
114356
19250
20180
666092
57449
69308
18259
186660
13408
84622
551622
41282
135167
25693
8951
163767
20214
29342
45297
30262
50210
43991
787667
172086
39843
8951
184704
39156
237447
121748
23682
42407
1143899
107919
44836
9044
28234
19943
94514
0
324582
513
167674
51330
100240
44349
45808
8950
250063
27263
3450
132925
20664
18322
8928
145596
85288
6376
49309
70518
35735
70567
42732
25035
88841
216684
136431
30244
30063
118480
102815
255181
40773
100273
43444
78171
15873
525
1598
287910
158841
26135
32341
106382
551622
26684
122171
11589
18846
120195
146742
7
46108
112493
20344
276408
499
104378
53114
69755
107893
72719
0
32526
27010
69932
0
388929
19493
42714
27827
531
5064
64774
151732
19061
63969
16895
76411
42714
43947
101151
62155
657808
61343
71332
286359
59979
176461
103824
147073
1115097
189807
111366
103922
84346
39156
0
242919
42714
102963
96
42714
32762
32722
210796
109229
21625
244871
73718
