992
7604
23696
155
89
159
12026
180229
93
671
2196
145321
1615
299452
56733
72
1746
60964
789
75
82
66
2215
371
1349
935
1162
275
664
4
867
198
1578
1358
453
152
135
201
2316
370
10078
570
198
293
7949
1286
342
595
771
2571
538
8381
16609
349
25929
28580
490
280
320
363
101
55362
2635
10251
12926
526
6132
7035
51600
55919
164033
102794
11189
8974
261627
64580
59158
39622
56211
266
483
195430
124886
94788
370541
124875
24784
428
65247
184604
74701
1581
583
48
8557
1046
32496
50733
3632
4529
10070
42560
236467
611532
153248
110464
7964
1077234
22507
378
2541
106868
174653
10043
35910
265
2
8642
4751
184
87
611
109
730
391191
833592
4267
212
2425
11542
31810
1326
497
395
110
5863
727
12311
620
15528
65
98467
2550
143886
107099
102183
5617
293
1499
462
968
96857
458
93239
24791
195930
154048
172
13021
17774
17774
50734
2738
386
141859
1790
147359
49987
96027
287
187809
431
1340
68
66429
195459
52713
253029
8404
4093
4092
212540
34193
213626
3758
207
42810
1096
300
4239
144
23
4301
27331
430
20818
60496
14263
561827
35527
20983
87575
200259
484657
1016
83371
838
88921
23587
9451
1318
112377
3018
654
1127
1172
3095
29931
967
3225
270797
241
3826
500
5337
5053
627
171115
431260
7384
1635
44855
111025
99082
20820
6558
4537
6395
2192
316
57172
105847
2345
152131
54922
115
202447
192
12371
12052
124713
541
83006
122109
191
1898
97775
84
8608
12491
