0
0
0
0
0
0
0
0
3
0
0
0
0
0
0
0
0
0
0
0
0
1
0
0
0
0
0
0
0
0
0
0
0
0
0
1
0
0
0
0
0
0
0
0
2
0
0
0
0
0
0
0
0
0
0
0
0
0
0
0
0
1
0
0
0
0
0
0
0
0
0
0
0
0
0
0
0
0
0
0
0
0
0
0
0
0
0
0
2
0
0
0
0
0
0
0
2
0
0
0
0
0
0
0
0
0
0
0
0
0
0
0
0
0
0
0
0
0
0
0
0
0
0
0
0
0
0
0
0
0
0
0
0
0
0
0
0
0
0
6
0
0
2
0
0
0
0
0
0
0
0
0
1
15
0
0
0
0
0
0
0
0
0
0
0
0
0
2
0
0
0
0
0
0
0
0
1
0
0
0
0
0
2
0
0
0
0
0
0
0
0
19
1
0
0
0
0
0
0
9
0
0
0
0
0
9
0
0
0
0
0
0
0
0
0
0
0
4
0
0
4
0
0
0
0
0
-1
0
0
0
6
0
0
0
0
0
0
0
4
0
0
0
5
0
0
0
0
0
0
0
0
0
0
0
0
0
5
0
0
2
0
0
0
0
0
0
0
0
0
0
0
0
0
0
5
0
5
0
0
0
-1
0
0
0
-1
0
0
2
0
0
0
0
0
0
0
-1
0
0
0
0
0
0
0
0
0
0
17
0
-1
0
0
0
-1
0
0
0
0
0
0
0
0
0
0
0
0
0
0
0
0
0
0
0
0
0
-1
0
0
0
0
0
0
0
0
0
0
0
-1
0
0
0
14
0
0
0
0
0
0
0
0
-1
0
2
0
0
0
-1
0
0
0
0
0
0
0
0
0
0
0
0
0
0
0
0
4
0
0
0
0
0
0
0
0
-1
0
0
0
-1
0
0
-1
0
0
0
0
0
0
0
0
0
2
0
20
0
0
0
0
0
-1
-2
0
0
0
0
0
0
0
0
0
0
0
0
0
-1
-1
0
0
0
24
0
0
0
0
0
0
0
0
0
0
5
0
0
0
0
0
0
0
0
0
-1
0
0
0
0
0
0
0
0
0
0
0
0
0
0
0
0
0
0
0
0
0
0
0
0
0
-1
0
0
0
0
0
0
0
0
0
-1
0
0
-2
0
0
0
0
0
0
-1
0
0
0
0
0
0
0
0
5
0
0
0
0
0
0
182
0
0
0
0
0
0
0
0
1
-1
0
0
0
0
0
0
0
0
0
0
0
0
3
0
0
3
0
1
0
0
0
0
0
0
0
0
0
0
0
3
0
0
0
0
0
0
0
0
1
0
0
0
0
0
0
0
0
4
0
0
0
14
0
0
0
0
2
0
0
0
3
0
0
0
0
0
0
0
0
0
0
22
1
0
0
0
0
0
0
0
-1
0
0
0
0
2
0
0
0
0
0
0
0
0
0
0
0
0
0
0
0
0
0
0
0
-1
0
0
0
1
0
0
0
0
0
0
0
0
1
0
0
5
0
0
13
1
0
0
0
0
0
0
0
0
0
0
0
0
0
0
0
0
0
0
0
0
4
0
0
0
0
0
0
0
0
0
0
0
2
0
0
4
0
0
0
0
2
0
0
0
2
0
0
2
0
0
0
0
0
0
0
31
0
0
0
0
0
0
0
0
4
0
-1
0
0
0
0
0
0
0
0
0
0
0
0
0
0
0
0
0
0
0
0
0
0
0
-1
0
0
0
0
40
0
-1
0
0
0
0
0
0
3
0
0
0
0
4
0
0
0
0
0
0
0
0
0
0
0
0
0
0
0
0
0
0
0
0
6
0
0
0
0
0
0
0
2
-1
5
0
-1
0
0
0
0
0
0
0
0
0
1
15
0
-1
0
0
0
0
1
1
0
0
0
0
0
13
0
-1
0
0
0
0
0
0
0
2
0
0
0
0
-1
0
0
5
0
0
0
0
0
0
0
1
0
0
0
0
5
0
0
2
0
0
0
0
42
0
0
0
0
0
3
0
19
1
0
0
0
4
0
0
0
0
0
9
0
0
0
0
-1
0
0
0
0
0
0
0
0
9
0
2
4
0
0
0
1
0
0
0
0
0
0
0
0
0
0
0
0
5
0
0
2
0
5
0
0
4
0
4
0
0
0
4
0
0
0
0
0
0
0
0
0
4
0
0
0
0
0
0
0
0
7
0
0
0
0
0
0
0
5
0
6
0
0
5
0
0
0
0
5
0
0
0
0
0
0
0
0
0
0
0
0
0
0
0
0
-1
0
0
0
6
0
0
4
0
3
4
0
1
0
0
0
0
